5	  0	  -1
5	  23  -1
5   -1   47

6   -1   -1

7	  0	  -1
7	  23  -1
7   -1   23
7   -1   39
7   -1   47

8	  0	  -1
8	  23  -1
8   -1   41
8   -1   44
8   -1   47

9   1   -1
9   -1   2
9   -1   3
9   -1   21
9   -1   36
9   -1   46
9   -1   47


10   4   -1
10   12  -1
10   19  -1
10   -1  21
10   -1  33
10   -1  35
10   -1  37

11   0   -1  
11   1   -1  
11   12  -1
11   16  -1
11   -1  11
11   -1  37 

12   1   -1  
12   2   -1  
12   12  -1
12   -1  18
12   -1  28
12   -1  29
12   -1  32
12   -1  36

13   -1  -1

14   -1  -1

15   12  -1
15   -1   0
15   -1   5
15   -1   10
15   -1   11

16   6   -1
16   8   -1
16   -1   1
16   -1   16
16   -1   23
