5	  0	  -1
5	  2	  -1
5	  3	  -1
5   10 	-1
5	  13	-1
5	  22	-1
5	  23	-1
5   -1  24
5   -1 	26
5   -1  47

6 	0	  -1
6   1	  -1
6   2 	-1
6   3 	-1
6   6 	-1
6  23   -1
6  -1	  0
6  -1	  1
6  -1	  2
6  -1	  3
6  -1	  4
6  -1	  5
6  -1	  37
6  -1	  47

7	  0	  -1
7   2 	-1
7   3 	-1
7	  5	  -1
7	  6	  -1
7   7	  -1
7	  11	-1
7	  -1	5
7	  -1	6	
7	  -1	26
7	  -1	41

8	  0	  -1
8 	4 	-1
8 	6 	-1
8 	10 	-1
8	  13	-1
8	  14	-1
8	  17	-1
8	  23	-1
8	  -1	2
8	  -1	10
8	  -1	20
8	  -1	24
8	  -1	28
8	  -1	29
8	  -1	35
8	  -1	38
8	  -1	39
8	  -1	40
8	  -1	42
8	  -1	44
8	  -1	46

9	  2	  -1
9	  6	  -1
9	  14	-1
9	  -1	18
9	  -1	36
9	  -1	45

10 	3  	-1  
10  7 	-1
10  15  -1
10 	-1	4
10	-1	5
10 	-1	35
10	-1	47

11	2	  -1
11	10	-1
11	-1	18
11	-1	25
11	-1	26
11	-1	29
11	-1	31
11	-1	33

12 	2	  -1
12	6	  -1
12	-1	8
12	-1	35
12	-1	45

13 	6	  -1
13	7	  -1
13	8	  -1
13	9	  -1
13 	10	-1
13	-1	4
13	-1	16
13	-1	18
13	-1	19
13	-1	23

14  0 	-1
14	-1	0
14	-1	23

15	0	  -1
15	-1	1
15	-1	20	
15	-1	23

16	5	  -1
16	7	  -1
16	9	  -1
16  12	-1
16	-1	8
16	-1	16
16	-1	23