   1.000      0.1727    
   2.000      0.1732    
   3.000      0.1741    
   4.000      0.1755    
   5.000      0.1774    
   6.000      0.1800    
   7.000      0.1835    
   8.000      0.1878    
   9.000      0.1933    
   10.00      0.1999    
   11.00      0.2079    
   12.00      0.2174    
   13.00      0.2285    
   14.00      0.2414    
   15.00      0.2562    
   16.00      0.2731    
   17.00      0.2921    
   18.00      0.3134    
   19.00      0.3372    
   20.00      0.3634    
   21.00      0.3922    
   22.00      0.4237    
   23.00      0.4576    
   24.00      0.4941    
   25.00      0.5330    
   26.00      0.5740    
   27.00      0.6169    
   28.00      0.6614    
   29.00      0.7071    
   30.00      0.7535    
   31.00      0.8002    
   32.00      0.8466    
   33.00      0.8921    
   34.00      0.9363    
   35.00      0.9785    
   36.00       1.018    
   37.00       1.055    
   38.00       1.088    
   39.00       1.117    
   40.00       1.142    
   41.00       1.162    
   42.00       1.177    
   43.00       1.188    
   44.00       1.193    
   45.00       1.193    
   46.00       1.188    
   47.00       1.178    
   48.00       1.164    
   49.00       1.146    
   50.00       1.124    
   51.00       1.099    
   52.00       1.071    
   53.00       1.041    
   54.00       1.009    
   55.00      0.9761    
   56.00      0.9427    
   57.00      0.9092    
   58.00      0.8760    
   59.00      0.8437    
   60.00      0.8126    
   61.00      0.7829    
   62.00      0.7549    
   63.00      0.7288    
   64.00      0.7047    
   65.00      0.6826    
   66.00      0.6625    
   67.00      0.6444    
   68.00      0.6282    
   69.00      0.6138    
   70.00      0.6010    
   71.00      0.5896    
   72.00      0.5795    
   73.00      0.5704    
   74.00      0.5621    
   75.00      0.5545    
   76.00      0.5472    
   77.00      0.5403    
   78.00      0.5334    
   79.00      0.5264    
   80.00      0.5193    
   81.00      0.5118    
   82.00      0.5039    
   83.00      0.4955    
   84.00      0.4865    
   85.00      0.4770    
   86.00      0.4670    
   87.00      0.4563    
   88.00      0.4451    
   89.00      0.4334    
   90.00      0.4213    
   91.00      0.4088    
   92.00      0.3959    
   93.00      0.3828    
   94.00      0.3695    
   95.00      0.3562    
   96.00      0.3429    
   97.00      0.3297    
   98.00      0.3167    
   99.00      0.3041    
   100.0      0.2918    
   101.0      0.2800    
   102.0      0.2688    
   103.0      0.2583    
   104.0      0.2484    
   105.0      0.2393    
   106.0      0.2309    
   107.0      0.2234    
   108.0      0.2168    
   109.0      0.2110    
   110.0      0.2061    
   111.0      0.2020    
   112.0      0.1988    
   113.0      0.1963    
   114.0      0.1946    
   115.0      0.1936    
   116.0      0.1932    
   117.0      0.1933    
   118.0      0.1940    
   119.0      0.1950    
   120.0      0.1963    
   121.0      0.1979    
   122.0      0.1997    
   123.0      0.2016    
   124.0      0.2035    
   125.0      0.2053    
   126.0      0.2071    
   127.0      0.2087    
   128.0      0.2101    
   129.0      0.2113    
   130.0      0.2122    
   131.0      0.2128    
   132.0      0.2131    
   133.0      0.2130    
   134.0      0.2126    
   135.0      0.2119    
   136.0      0.2109    
   137.0      0.2095    
   138.0      0.2078    
   139.0      0.2058    
   140.0      0.2036    
   141.0      0.2011    
   142.0      0.1984    
   143.0      0.1955    
   144.0      0.1924    
   145.0      0.1893    
   146.0      0.1860    
   147.0      0.1826    
   148.0      0.1793    
   149.0      0.1759    
   150.0      0.1725    
   151.0      0.1692    
   152.0      0.1659    
   153.0      0.1628    
   154.0      0.1598    
   155.0      0.1569    
   156.0      0.1541    
   157.0      0.1515    
   158.0      0.1491    
   159.0      0.1468    
   160.0      0.1447    
   161.0      0.1428    
   162.0      0.1411    
   163.0      0.1395    
   164.0      0.1382    
   165.0      0.1370    
   166.0      0.1359    
   167.0      0.1350    
   168.0      0.1342    
   169.0      0.1336    
   170.0      0.1330    
   171.0      0.1326    
   172.0      0.1323    
   173.0      0.1320    
   174.0      0.1318    
   175.0      0.1316    
   176.0      0.1315    
   177.0      0.1314    
   178.0      0.1313    
   179.0      0.1313    
   180.0      0.1313    