   1.000      0.1431    
   2.000      0.1435    
   3.000      0.1442    
   4.000      0.1453    
   5.000      0.1468    
   6.000      0.1490    
   7.000      0.1518    
   8.000      0.1555    
   9.000      0.1601    
   10.00      0.1658    
   11.00      0.1727    
   12.00      0.1809    
   13.00      0.1906    
   14.00      0.2019    
   15.00      0.2149    
   16.00      0.2299    
   17.00      0.2468    
   18.00      0.2658    
   19.00      0.2872    
   20.00      0.3109    
   21.00      0.3372    
   22.00      0.3660    
   23.00      0.3974    
   24.00      0.4313    
   25.00      0.4677    
   26.00      0.5064    
   27.00      0.5471    
   28.00      0.5896    
   29.00      0.6336    
   30.00      0.6785    
   31.00      0.7239    
   32.00      0.7692    
   33.00      0.8140    
   34.00      0.8575    
   35.00      0.8994    
   36.00      0.9388    
   37.00      0.9755    
   38.00       1.009    
   39.00       1.038    
   40.00       1.063    
   41.00       1.084    
   42.00       1.100    
   43.00       1.111    
   44.00       1.116    
   45.00       1.117    
   46.00       1.113    
   47.00       1.104    
   48.00       1.091    
   49.00       1.073    
   50.00       1.052    
   51.00       1.028    
   52.00       1.001    
   53.00      0.9715    
   54.00      0.9406    
   55.00      0.9088    
   56.00      0.8763    
   57.00      0.8438    
   58.00      0.8117    
   59.00      0.7804    
   60.00      0.7502    
   61.00      0.7215    
   62.00      0.6945    
   63.00      0.6693    
   64.00      0.6461    
   65.00      0.6248    
   66.00      0.6056    
   67.00      0.5883    
   68.00      0.5729    
   69.00      0.5593    
   70.00      0.5473    
   71.00      0.5366    
   72.00      0.5273    
   73.00      0.5189    
   74.00      0.5114    
   75.00      0.5045    
   76.00      0.4980    
   77.00      0.4919    
   78.00      0.4857    
   79.00      0.4796    
   80.00      0.4732    
   81.00      0.4665    
   82.00      0.4594    
   83.00      0.4518    
   84.00      0.4438    
   85.00      0.4351    
   86.00      0.4259    
   87.00      0.4162    
   88.00      0.4059    
   89.00      0.3952    
   90.00      0.3840    
   91.00      0.3725    
   92.00      0.3607    
   93.00      0.3486    
   94.00      0.3365    
   95.00      0.3243    
   96.00      0.3121    
   97.00      0.3001    
   98.00      0.2884    
   99.00      0.2769    
   100.0      0.2659    
   101.0      0.2554    
   102.0      0.2454    
   103.0      0.2360    
   104.0      0.2273    
   105.0      0.2194    
   106.0      0.2122    
   107.0      0.2058    
   108.0      0.2001    
   109.0      0.1953    
   110.0      0.1912    
   111.0      0.1880    
   112.0      0.1854    
   113.0      0.1836    
   114.0      0.1823    
   115.0      0.1817    
   116.0      0.1816    
   117.0      0.1820    
   118.0      0.1827    
   119.0      0.1837    
   120.0      0.1850    
   121.0      0.1864    
   122.0      0.1880    
   123.0      0.1895    
   124.0      0.1910    
   125.0      0.1924    
   126.0      0.1937    
   127.0      0.1947    
   128.0      0.1956    
   129.0      0.1962    
   130.0      0.1965    
   131.0      0.1964    
   132.0      0.1961    
   133.0      0.1955    
   134.0      0.1945    
   135.0      0.1932    
   136.0      0.1916    
   137.0      0.1897    
   138.0      0.1876    
   139.0      0.1852    
   140.0      0.1826    
   141.0      0.1798    
   142.0      0.1768    
   143.0      0.1737    
   144.0      0.1705    
   145.0      0.1672    
   146.0      0.1639    
   147.0      0.1606    
   148.0      0.1572    
   149.0      0.1539    
   150.0      0.1507    
   151.0      0.1476    
   152.0      0.1445    
   153.0      0.1416    
   154.0      0.1388    
   155.0      0.1362    
   156.0      0.1337    
   157.0      0.1314    
   158.0      0.1292    
   159.0      0.1273    
   160.0      0.1255    
   161.0      0.1238    
   162.0      0.1224    
   163.0      0.1211    
   164.0      0.1200    
   165.0      0.1190    
   166.0      0.1181    
   167.0      0.1174    
   168.0      0.1168    
   169.0      0.1163    
   170.0      0.1159    
   171.0      0.1156    
   172.0      0.1153    
   173.0      0.1151    
   174.0      0.1150    
   175.0      0.1149    
   176.0      0.1148    
   177.0      0.1148    
   178.0      0.1147    
   179.0      0.1147    
   180.0      0.1147    