   1.000       7.371    
   2.000       7.174    
   3.000       6.855    
   4.000       6.430    
   5.000       5.916    
   6.000       5.337    
   7.000       4.718    
   8.000       4.084    
   9.000       3.460    
   10.00       2.870    
   11.00       2.334    
   12.00       1.868    
   13.00       1.485    
   14.00       1.191    
   15.00      0.9905    
   16.00      0.8808    
   17.00      0.8560    
   18.00      0.9070    
   19.00       1.022    
   20.00       1.186    
   21.00       1.386    
   22.00       1.605    
   23.00       1.830    
   24.00       2.046    
   25.00       2.241    
   26.00       2.406    
   27.00       2.533    
   28.00       2.616    
   29.00       2.652    
   30.00       2.641    
   31.00       2.584    
   32.00       2.484    
   33.00       2.347    
   34.00       2.178    
   35.00       1.985    
   36.00       1.775    
   37.00       1.557    
   38.00       1.337    
   39.00       1.125    
   40.00      0.9249    
   41.00      0.7435    
   42.00      0.5849    
   43.00      0.4522    
   44.00      0.3472    
   45.00      0.2705    
   46.00      0.2215    
   47.00      0.1985    
   48.00      0.1990    
   49.00      0.2201    
   50.00      0.2580    
   51.00      0.3090    
   52.00      0.3693    
   53.00      0.4352    
   54.00      0.5032    
   55.00      0.5702    
   56.00      0.6336    
   57.00      0.6913    
   58.00      0.7416    
   59.00      0.7833    
   60.00      0.8156    
   61.00      0.8383    
   62.00      0.8512    
   63.00      0.8547    
   64.00      0.8491    
   65.00      0.8351    
   66.00      0.8135    
   67.00      0.7851    
   68.00      0.7508    
   69.00      0.7114    
   70.00      0.6680    
   71.00      0.6214    
   72.00      0.5725    
   73.00      0.5222    
   74.00      0.4714    
   75.00      0.4209    
   76.00      0.3716    
   77.00      0.3240    
   78.00      0.2789    
   79.00      0.2369    
   80.00      0.1985    
   81.00      0.1642    
   82.00      0.1341    
   83.00      0.1087    
   84.00      0.8784E-01
   85.00      0.7166E-01
   86.00      0.6002E-01
   87.00      0.5271E-01
   88.00      0.4944E-01
   89.00      0.4985E-01
   90.00      0.5351E-01
   91.00      0.5999E-01
   92.00      0.6879E-01
   93.00      0.7944E-01
   94.00      0.9146E-01
   95.00      0.1044    
   96.00      0.1178    
   97.00      0.1314    
   98.00      0.1446    
   99.00      0.1574    
   100.0      0.1693    
   101.0      0.1802    
   102.0      0.1899    
   103.0      0.1983    
   104.0      0.2052    
   105.0      0.2105    
   106.0      0.2144    
   107.0      0.2166    
   108.0      0.2172    
   109.0      0.2162    
   110.0      0.2137    
   111.0      0.2097    
   112.0      0.2044    
   113.0      0.1976    
   114.0      0.1897    
   115.0      0.1808    
   116.0      0.1709    
   117.0      0.1602    
   118.0      0.1490    
   119.0      0.1374    
   120.0      0.1256    
   121.0      0.1138    
   122.0      0.1021    
   123.0      0.9080E-01
   124.0      0.7998E-01
   125.0      0.6978E-01
   126.0      0.6033E-01
   127.0      0.5171E-01
   128.0      0.4397E-01
   129.0      0.3715E-01
   130.0      0.3127E-01
   131.0      0.2632E-01
   132.0      0.2227E-01
   133.0      0.1908E-01
   134.0      0.1671E-01
   135.0      0.1510E-01
   136.0      0.1420E-01
   137.0      0.1393E-01
   138.0      0.1425E-01
   139.0      0.1510E-01
   140.0      0.1642E-01
   141.0      0.1816E-01
   142.0      0.2027E-01
   143.0      0.2271E-01
   144.0      0.2544E-01
   145.0      0.2842E-01
   146.0      0.3161E-01
   147.0      0.3498E-01
   148.0      0.3850E-01
   149.0      0.4214E-01
   150.0      0.4586E-01
   151.0      0.4963E-01
   152.0      0.5342E-01
   153.0      0.5721E-01
   154.0      0.6097E-01
   155.0      0.6467E-01
   156.0      0.6831E-01
   157.0      0.7187E-01
   158.0      0.7535E-01
   159.0      0.7874E-01
   160.0      0.8204E-01
   161.0      0.8527E-01
   162.0      0.8844E-01
   163.0      0.9155E-01
   164.0      0.9461E-01
   165.0      0.9763E-01
   166.0      0.1006    
   167.0      0.1035    
   168.0      0.1064    
   169.0      0.1092    
   170.0      0.1119    
   171.0      0.1144    
   172.0      0.1168    
   173.0      0.1190    
   174.0      0.1210    
   175.0      0.1227    
   176.0      0.1241    
   177.0      0.1253    
   178.0      0.1261    
   179.0      0.1266    
   180.0      0.1268    
