   1.000       4.028    
   2.000       4.011    
   3.000       3.984    
   4.000       3.954    
   5.000       3.926    
   6.000       3.906    
   7.000       3.900    
   8.000       3.913    
   9.000       3.951    
   10.00       4.016    
   11.00       4.109    
   12.00       4.228    
   13.00       4.369    
   14.00       4.527    
   15.00       4.696    
   16.00       4.867    
   17.00       5.032    
   18.00       5.182    
   19.00       5.310    
   20.00       5.409    
   21.00       5.474    
   22.00       5.502    
   23.00       5.489    
   24.00       5.437    
   25.00       5.347    
   26.00       5.223    
   27.00       5.067    
   28.00       4.886    
   29.00       4.686    
   30.00       4.472    
   31.00       4.251    
   32.00       4.029    
   33.00       3.811    
   34.00       3.603    
   35.00       3.408    
   36.00       3.230    
   37.00       3.070    
   38.00       2.932    
   39.00       2.814    
   40.00       2.716    
   41.00       2.637    
   42.00       2.576    
   43.00       2.528    
   44.00       2.492    
   45.00       2.464    
   46.00       2.441    
   47.00       2.419    
   48.00       2.396    
   49.00       2.369    
   50.00       2.335    
   51.00       2.295    
   52.00       2.247    
   53.00       2.190    
   54.00       2.126    
   55.00       2.056    
   56.00       1.982    
   57.00       1.904    
   58.00       1.825    
   59.00       1.747    
   60.00       1.673    
   61.00       1.603    
   62.00       1.539    
   63.00       1.482    
   64.00       1.433    
   65.00       1.392    
   66.00       1.359    
   67.00       1.334    
   68.00       1.315    
   69.00       1.302    
   70.00       1.294    
   71.00       1.288    
   72.00       1.284    
   73.00       1.280    
   74.00       1.276    
   75.00       1.269    
   76.00       1.259    
   77.00       1.245    
   78.00       1.227    
   79.00       1.204    
   80.00       1.176    
   81.00       1.144    
   82.00       1.107    
   83.00       1.066    
   84.00       1.021    
   85.00      0.9742    
   86.00      0.9250    
   87.00      0.8746    
   88.00      0.8237    
   89.00      0.7731    
   90.00      0.7237    
   91.00      0.6760    
   92.00      0.6306    
   93.00      0.5882    
   94.00      0.5492    
   95.00      0.5139    
   96.00      0.4826    
   97.00      0.4554    
   98.00      0.4326    
   99.00      0.4140    
   100.0      0.3995    
   101.0      0.3891    
   102.0      0.3824    
   103.0      0.3791    
   104.0      0.3790    
   105.0      0.3816    
   106.0      0.3865    
   107.0      0.3932    
   108.0      0.4014    
   109.0      0.4104    
   110.0      0.4200    
   111.0      0.4296    
   112.0      0.4389    
   113.0      0.4474    
   114.0      0.4548    
   115.0      0.4608    
   116.0      0.4651    
   117.0      0.4677    
   118.0      0.4682    
   119.0      0.4667    
   120.0      0.4631    
   121.0      0.4574    
   122.0      0.4497    
   123.0      0.4401    
   124.0      0.4288    
   125.0      0.4159    
   126.0      0.4016    
   127.0      0.3861    
   128.0      0.3697    
   129.0      0.3526    
   130.0      0.3351    
   131.0      0.3173    
   132.0      0.2994    
   133.0      0.2818    
   134.0      0.2646    
   135.0      0.2479    
   136.0      0.2321    
   137.0      0.2171    
   138.0      0.2033    
   139.0      0.1906    
   140.0      0.1791    
   141.0      0.1690    
   142.0      0.1603    
   143.0      0.1529    
   144.0      0.1470    
   145.0      0.1425    
   146.0      0.1393    
   147.0      0.1374    
   148.0      0.1367    
   149.0      0.1373    
   150.0      0.1389    
   151.0      0.1415    
   152.0      0.1450    
   153.0      0.1493    
   154.0      0.1542    
   155.0      0.1598    
   156.0      0.1658    
   157.0      0.1721    
   158.0      0.1787    
   159.0      0.1854    
   160.0      0.1922    
   161.0      0.1990    
   162.0      0.2058    
   163.0      0.2123    
   164.0      0.2187    
   165.0      0.2248    
   166.0      0.2307    
   167.0      0.2362    
   168.0      0.2413    
   169.0      0.2461    
   170.0      0.2504    
   171.0      0.2544    
   172.0      0.2579    
   173.0      0.2609    
   174.0      0.2636    
   175.0      0.2658    
   176.0      0.2675    
   177.0      0.2689    
   178.0      0.2699    
   179.0      0.2705    
   180.0      0.2707    