   1.000       5.040    
   2.000       5.051    
   3.000       5.071    
   4.000       5.104    
   5.000       5.151    
   6.000       5.218    
   7.000       5.307    
   8.000       5.420    
   9.000       5.559    
   10.00       5.723    
   11.00       5.909    
   12.00       6.114    
   13.00       6.332    
   14.00       6.556    
   15.00       6.779    
   16.00       6.991    
   17.00       7.186    
   18.00       7.354    
   19.00       7.491    
   20.00       7.589    
   21.00       7.645    
   22.00       7.657    
   23.00       7.624    
   24.00       7.547    
   25.00       7.429    
   26.00       7.271    
   27.00       7.080    
   28.00       6.860    
   29.00       6.617    
   30.00       6.357    
   31.00       6.085    
   32.00       5.808    
   33.00       5.532    
   34.00       5.261    
   35.00       5.001    
   36.00       4.755    
   37.00       4.528    
   38.00       4.321    
   39.00       4.136    
   40.00       3.974    
   41.00       3.835    
   42.00       3.717    
   43.00       3.618    
   44.00       3.537    
   45.00       3.470    
   46.00       3.412    
   47.00       3.362    
   48.00       3.314    
   49.00       3.267    
   50.00       3.217    
   51.00       3.161    
   52.00       3.100    
   53.00       3.031    
   54.00       2.955    
   55.00       2.873    
   56.00       2.785    
   57.00       2.693    
   58.00       2.599    
   59.00       2.505    
   60.00       2.413    
   61.00       2.325    
   62.00       2.243    
   63.00       2.167    
   64.00       2.099    
   65.00       2.039    
   66.00       1.988    
   67.00       1.944    
   68.00       1.908    
   69.00       1.879    
   70.00       1.855    
   71.00       1.835    
   72.00       1.818    
   73.00       1.802    
   74.00       1.787    
   75.00       1.770    
   76.00       1.752    
   77.00       1.730    
   78.00       1.705    
   79.00       1.676    
   80.00       1.642    
   81.00       1.604    
   82.00       1.561    
   83.00       1.514    
   84.00       1.463    
   85.00       1.409    
   86.00       1.352    
   87.00       1.293    
   88.00       1.233    
   89.00       1.171    
   90.00       1.110    
   91.00       1.049    
   92.00      0.9887    
   93.00      0.9307    
   94.00      0.8751    
   95.00      0.8225    
   96.00      0.7734    
   97.00      0.7281    
   98.00      0.6870    
   99.00      0.6504    
   100.0      0.6184    
   101.0      0.5911    
   102.0      0.5685    
   103.0      0.5506    
   104.0      0.5371    
   105.0      0.5279    
   106.0      0.5226    
   107.0      0.5209    
   108.0      0.5224    
   109.0      0.5265    
   110.0      0.5330    
   111.0      0.5412    
   112.0      0.5506    
   113.0      0.5607    
   114.0      0.5711    
   115.0      0.5813    
   116.0      0.5908    
   117.0      0.5993    
   118.0      0.6064    
   119.0      0.6118    
   120.0      0.6154    
   121.0      0.6169    
   122.0      0.6164    
   123.0      0.6137    
   124.0      0.6088    
   125.0      0.6018    
   126.0      0.5928    
   127.0      0.5819    
   128.0      0.5694    
   129.0      0.5552    
   130.0      0.5398    
   131.0      0.5232    
   132.0      0.5057    
   133.0      0.4876    
   134.0      0.4690    
   135.0      0.4502    
   136.0      0.4315    
   137.0      0.4130    
   138.0      0.3949    
   139.0      0.3774    
   140.0      0.3606    
   141.0      0.3448    
   142.0      0.3300    
   143.0      0.3163    
   144.0      0.3037    
   145.0      0.2924    
   146.0      0.2824    
   147.0      0.2737    
   148.0      0.2662    
   149.0      0.2600    
   150.0      0.2551    
   151.0      0.2513    
   152.0      0.2487    
   153.0      0.2471    
   154.0      0.2465    
   155.0      0.2467    
   156.0      0.2477    
   157.0      0.2494    
   158.0      0.2517    
   159.0      0.2544    
   160.0      0.2576    
   161.0      0.2611    
   162.0      0.2648    
   163.0      0.2686    
   164.0      0.2726    
   165.0      0.2766    
   166.0      0.2807    
   167.0      0.2846    
   168.0      0.2885    
   169.0      0.2921    
   170.0      0.2956    
   171.0      0.2988    
   172.0      0.3018    
   173.0      0.3044    
   174.0      0.3067    
   175.0      0.3087    
   176.0      0.3103    
   177.0      0.3115    
   178.0      0.3124    
   179.0      0.3129    
   180.0      0.3131    