   1.000       4.407    
   2.000       4.403    
   3.000       4.398    
   4.000       4.397    
   5.000       4.405    
   6.000       4.426    
   7.000       4.465    
   8.000       4.527    
   9.000       4.614    
   10.00       4.728    
   11.00       4.868    
   12.00       5.030    
   13.00       5.212    
   14.00       5.406    
   15.00       5.604    
   16.00       5.799    
   17.00       5.983    
   18.00       6.146    
   19.00       6.281    
   20.00       6.383    
   21.00       6.446    
   22.00       6.468    
   23.00       6.447    
   24.00       6.383    
   25.00       6.278    
   26.00       6.136    
   27.00       5.962    
   28.00       5.760    
   29.00       5.536    
   30.00       5.297    
   31.00       5.049    
   32.00       4.798    
   33.00       4.550    
   34.00       4.310    
   35.00       4.082    
   36.00       3.871    
   37.00       3.678    
   38.00       3.507    
   39.00       3.358    
   40.00       3.231    
   41.00       3.126    
   42.00       3.040    
   43.00       2.971    
   44.00       2.917    
   45.00       2.873    
   46.00       2.838    
   47.00       2.806    
   48.00       2.775    
   49.00       2.742    
   50.00       2.705    
   51.00       2.661    
   52.00       2.609    
   53.00       2.550    
   54.00       2.483    
   55.00       2.409    
   56.00       2.330    
   57.00       2.247    
   58.00       2.163    
   59.00       2.078    
   60.00       1.996    
   61.00       1.918    
   62.00       1.846    
   63.00       1.781    
   64.00       1.723    
   65.00       1.673    
   66.00       1.632    
   67.00       1.598    
   68.00       1.572    
   69.00       1.552    
   70.00       1.536    
   71.00       1.524    
   72.00       1.515    
   73.00       1.506    
   74.00       1.497    
   75.00       1.486    
   76.00       1.473    
   77.00       1.456    
   78.00       1.435    
   79.00       1.409    
   80.00       1.379    
   81.00       1.344    
   82.00       1.304    
   83.00       1.261    
   84.00       1.213    
   85.00       1.163    
   86.00       1.109    
   87.00       1.055    
   88.00      0.9989    
   89.00      0.9429    
   90.00      0.8874    
   91.00      0.8331    
   92.00      0.7808    
   93.00      0.7309    
   94.00      0.6841    
   95.00      0.6408    
   96.00      0.6013    
   97.00      0.5660    
   98.00      0.5350    
   99.00      0.5086    
   100.0      0.4866    
   101.0      0.4691    
   102.0      0.4558    
   103.0      0.4467    
   104.0      0.4414    
   105.0      0.4396    
   106.0      0.4409    
   107.0      0.4449    
   108.0      0.4511    
   109.0      0.4591    
   110.0      0.4683    
   111.0      0.4784    
   112.0      0.4887    
   113.0      0.4989    
   114.0      0.5086    
   115.0      0.5173    
   116.0      0.5247    
   117.0      0.5305    
   118.0      0.5344    
   119.0      0.5364    
   120.0      0.5362    
   121.0      0.5339    
   122.0      0.5293    
   123.0      0.5227    
   124.0      0.5139    
   125.0      0.5033    
   126.0      0.4909    
   127.0      0.4769    
   128.0      0.4615    
   129.0      0.4450    
   130.0      0.4275    
   131.0      0.4094    
   132.0      0.3909    
   133.0      0.3722    
   134.0      0.3535    
   135.0      0.3351    
   136.0      0.3171    
   137.0      0.2998    
   138.0      0.2833    
   139.0      0.2678    
   140.0      0.2534    
   141.0      0.2402    
   142.0      0.2284    
   143.0      0.2178    
   144.0      0.2086    
   145.0      0.2009    
   146.0      0.1945    
   147.0      0.1895    
   148.0      0.1859    
   149.0      0.1835    
   150.0      0.1824    
   151.0      0.1824    
   152.0      0.1834    
   153.0      0.1854    
   154.0      0.1883    
   155.0      0.1919    
   156.0      0.1962    
   157.0      0.2009    
   158.0      0.2061    
   159.0      0.2117    
   160.0      0.2174    
   161.0      0.2233    
   162.0      0.2293    
   163.0      0.2353    
   164.0      0.2412    
   165.0      0.2470    
   166.0      0.2526    
   167.0      0.2580    
   168.0      0.2631    
   169.0      0.2680    
   170.0      0.2725    
   171.0      0.2766    
   172.0      0.2803    
   173.0      0.2836    
   174.0      0.2864    
   175.0      0.2888    
   176.0      0.2908    
   177.0      0.2923    
   178.0      0.2934    
   179.0      0.2940    
   180.0      0.2942    