   1.000       4.901    
   2.000       4.909    
   3.000       4.924    
   4.000       4.950    
   5.000       4.990    
   6.000       5.048    
   7.000       5.128    
   8.000       5.231    
   9.000       5.361    
   10.00       5.515    
   11.00       5.693    
   12.00       5.891    
   13.00       6.103    
   14.00       6.322    
   15.00       6.540    
   16.00       6.750    
   17.00       6.943    
   18.00       7.111    
   19.00       7.248    
   20.00       7.347    
   21.00       7.405    
   22.00       7.419    
   23.00       7.388    
   24.00       7.313    
   25.00       7.197    
   26.00       7.042    
   27.00       6.854    
   28.00       6.636    
   29.00       6.396    
   30.00       6.140    
   31.00       5.872    
   32.00       5.599    
   33.00       5.328    
   34.00       5.063    
   35.00       4.808    
   36.00       4.569    
   37.00       4.348    
   38.00       4.148    
   39.00       3.970    
   40.00       3.815    
   41.00       3.683    
   42.00       3.571    
   43.00       3.479    
   44.00       3.404    
   45.00       3.342    
   46.00       3.289    
   47.00       3.243    
   48.00       3.200    
   49.00       3.156    
   50.00       3.109    
   51.00       3.056    
   52.00       2.997    
   53.00       2.931    
   54.00       2.857    
   55.00       2.777    
   56.00       2.691    
   57.00       2.601    
   58.00       2.510    
   59.00       2.418    
   60.00       2.328    
   61.00       2.242    
   62.00       2.162    
   63.00       2.088    
   64.00       2.022    
   65.00       1.964    
   66.00       1.914    
   67.00       1.873    
   68.00       1.839    
   69.00       1.811    
   70.00       1.789    
   71.00       1.771    
   72.00       1.755    
   73.00       1.741    
   74.00       1.727    
   75.00       1.712    
   76.00       1.694    
   77.00       1.674    
   78.00       1.649    
   79.00       1.621    
   80.00       1.588    
   81.00       1.550    
   82.00       1.508    
   83.00       1.462    
   84.00       1.412    
   85.00       1.358    
   86.00       1.302    
   87.00       1.244    
   88.00       1.184    
   89.00       1.124    
   90.00       1.063    
   91.00       1.003    
   92.00      0.9448    
   93.00      0.8884    
   94.00      0.8345    
   95.00      0.7837    
   96.00      0.7365    
   97.00      0.6932    
   98.00      0.6541    
   99.00      0.6196    
   100.0      0.5897    
   101.0      0.5644    
   102.0      0.5438    
   103.0      0.5277    
   104.0      0.5160    
   105.0      0.5084    
   106.0      0.5046    
   107.0      0.5042    
   108.0      0.5068    
   109.0      0.5120    
   110.0      0.5192    
   111.0      0.5279    
   112.0      0.5377    
   113.0      0.5480    
   114.0      0.5585    
   115.0      0.5685    
   116.0      0.5777    
   117.0      0.5858    
   118.0      0.5924    
   119.0      0.5972    
   120.0      0.6001    
   121.0      0.6010    
   122.0      0.5996    
   123.0      0.5961    
   124.0      0.5905    
   125.0      0.5827    
   126.0      0.5730    
   127.0      0.5614    
   128.0      0.5482    
   129.0      0.5334    
   130.0      0.5175    
   131.0      0.5005    
   132.0      0.4826    
   133.0      0.4642    
   134.0      0.4455    
   135.0      0.4266    
   136.0      0.4079    
   137.0      0.3895    
   138.0      0.3716    
   139.0      0.3544    
   140.0      0.3380    
   141.0      0.3226    
   142.0      0.3083    
   143.0      0.2951    
   144.0      0.2832    
   145.0      0.2725    
   146.0      0.2632    
   147.0      0.2552    
   148.0      0.2484    
   149.0      0.2430    
   150.0      0.2388    
   151.0      0.2358    
   152.0      0.2340    
   153.0      0.2331    
   154.0      0.2333    
   155.0      0.2342    
   156.0      0.2360    
   157.0      0.2383    
   158.0      0.2413    
   159.0      0.2447    
   160.0      0.2484    
   161.0      0.2525    
   162.0      0.2567    
   163.0      0.2611    
   164.0      0.2656    
   165.0      0.2701    
   166.0      0.2745    
   167.0      0.2789    
   168.0      0.2831    
   169.0      0.2871    
   170.0      0.2908    
   171.0      0.2943    
   172.0      0.2975    
   173.0      0.3003    
   174.0      0.3028    
   175.0      0.3049    
   176.0      0.3066    
   177.0      0.3080    
   178.0      0.3089    
   179.0      0.3095    
   180.0      0.3097    