   1.000       9.381    
   2.000       9.151    
   3.000       8.780    
   4.000       8.283    
   5.000       7.682    
   6.000       7.003    
   7.000       6.272    
   8.000       5.519    
   9.000       4.772    
   10.00       4.057    
   11.00       3.397    
   12.00       2.810    
   13.00       2.311    
   14.00       1.909    
   15.00       1.608    
   16.00       1.407    
   17.00       1.301    
   18.00       1.283    
   19.00       1.339    
   20.00       1.458    
   21.00       1.624    
   22.00       1.822    
   23.00       2.037    
   24.00       2.255    
   25.00       2.463    
   26.00       2.649    
   27.00       2.805    
   28.00       2.924    
   29.00       3.000    
   30.00       3.030    
   31.00       3.015    
   32.00       2.954    
   33.00       2.852    
   34.00       2.713    
   35.00       2.544    
   36.00       2.350    
   37.00       2.140    
   38.00       1.922    
   39.00       1.703    
   40.00       1.490    
   41.00       1.291    
   42.00       1.109    
   43.00      0.9500    
   44.00      0.8163    
   45.00      0.7095    
   46.00      0.6301    
   47.00      0.5773    
   48.00      0.5491    
   49.00      0.5430    
   50.00      0.5559    
   51.00      0.5840    
   52.00      0.6238    
   53.00      0.6715    
   54.00      0.7238    
   55.00      0.7775    
   56.00      0.8299    
   57.00      0.8787    
   58.00      0.9222    
   59.00      0.9591    
   60.00      0.9883    
   61.00       1.009    
   62.00       1.022    
   63.00       1.027    
   64.00       1.023    
   65.00       1.012    
   66.00      0.9931    
   67.00      0.9678    
   68.00      0.9364    
   69.00      0.8997    
   70.00      0.8582    
   71.00      0.8128    
   72.00      0.7642    
   73.00      0.7133    
   74.00      0.6607    
   75.00      0.6073    
   76.00      0.5539    
   77.00      0.5013    
   78.00      0.4503    
   79.00      0.4015    
   80.00      0.3557    
   81.00      0.3134    
   82.00      0.2751    
   83.00      0.2411    
   84.00      0.2117    
   85.00      0.1870    
   86.00      0.1670    
   87.00      0.1516    
   88.00      0.1406    
   89.00      0.1336    
   90.00      0.1304    
   91.00      0.1305    
   92.00      0.1335    
   93.00      0.1389    
   94.00      0.1462    
   95.00      0.1550    
   96.00      0.1650    
   97.00      0.1756    
   98.00      0.1865    
   99.00      0.1975    
   100.0      0.2082    
   101.0      0.2184    
   102.0      0.2280    
   103.0      0.2367    
   104.0      0.2443    
   105.0      0.2509    
   106.0      0.2561    
   107.0      0.2601    
   108.0      0.2627    
   109.0      0.2638    
   110.0      0.2634    
   111.0      0.2616    
   112.0      0.2583    
   113.0      0.2535    
   114.0      0.2473    
   115.0      0.2398    
   116.0      0.2311    
   117.0      0.2213    
   118.0      0.2106    
   119.0      0.1991    
   120.0      0.1869    
   121.0      0.1744    
   122.0      0.1617    
   123.0      0.1489    
   124.0      0.1364    
   125.0      0.1241    
   126.0      0.1124    
   127.0      0.1012    
   128.0      0.9083E-01
   129.0      0.8122E-01
   130.0      0.7246E-01
   131.0      0.6459E-01
   132.0      0.5764E-01
   133.0      0.5159E-01
   134.0      0.4644E-01
   135.0      0.4216E-01
   136.0      0.3873E-01
   137.0      0.3611E-01
   138.0      0.3426E-01
   139.0      0.3314E-01
   140.0      0.3272E-01
   141.0      0.3295E-01
   142.0      0.3379E-01
   143.0      0.3519E-01
   144.0      0.3713E-01
   145.0      0.3955E-01
   146.0      0.4242E-01
   147.0      0.4570E-01
   148.0      0.4935E-01
   149.0      0.5332E-01
   150.0      0.5757E-01
   151.0      0.6204E-01
   152.0      0.6670E-01
   153.0      0.7149E-01
   154.0      0.7636E-01
   155.0      0.8126E-01
   156.0      0.8616E-01
   157.0      0.9101E-01
   158.0      0.9579E-01
   159.0      0.1005    
   160.0      0.1050    
   161.0      0.1095    
   162.0      0.1138    
   163.0      0.1180    
   164.0      0.1221    
   165.0      0.1261    
   166.0      0.1300    
   167.0      0.1337    
   168.0      0.1373    
   169.0      0.1407    
   170.0      0.1440    
   171.0      0.1470    
   172.0      0.1498    
   173.0      0.1523    
   174.0      0.1546    
   175.0      0.1565    
   176.0      0.1581    
   177.0      0.1594    
   178.0      0.1603    
   179.0      0.1609    
   180.0      0.1610    