   1.000       4.496    
   2.000       4.494    
   3.000       4.494    
   4.000       4.498    
   5.000       4.513    
   6.000       4.541    
   7.000       4.589    
   8.000       4.659    
   9.000       4.756    
   10.00       4.878    
   11.00       5.026    
   12.00       5.196    
   13.00       5.385    
   14.00       5.584    
   15.00       5.787    
   16.00       5.986    
   17.00       6.172    
   18.00       6.336    
   19.00       6.472    
   20.00       6.574    
   21.00       6.636    
   22.00       6.656    
   23.00       6.633    
   24.00       6.567    
   25.00       6.460    
   26.00       6.315    
   27.00       6.137    
   28.00       5.932    
   29.00       5.704    
   30.00       5.461    
   31.00       5.209    
   32.00       4.953    
   33.00       4.700    
   34.00       4.454    
   35.00       4.221    
   36.00       4.004    
   37.00       3.805    
   38.00       3.628    
   39.00       3.473    
   40.00       3.341    
   41.00       3.230    
   42.00       3.139    
   43.00       3.066    
   44.00       3.008    
   45.00       2.961    
   46.00       2.922    
   47.00       2.888    
   48.00       2.855    
   49.00       2.820    
   50.00       2.781    
   51.00       2.736    
   52.00       2.684    
   53.00       2.623    
   54.00       2.555    
   55.00       2.480    
   56.00       2.400    
   57.00       2.316    
   58.00       2.230    
   59.00       2.145    
   60.00       2.061    
   61.00       1.981    
   62.00       1.908    
   63.00       1.840    
   64.00       1.781    
   65.00       1.730    
   66.00       1.687    
   67.00       1.652    
   68.00       1.624    
   69.00       1.602    
   70.00       1.585    
   71.00       1.572    
   72.00       1.561    
   73.00       1.552    
   74.00       1.542    
   75.00       1.530    
   76.00       1.516    
   77.00       1.498    
   78.00       1.477    
   79.00       1.450    
   80.00       1.420    
   81.00       1.384    
   82.00       1.344    
   83.00       1.300    
   84.00       1.252    
   85.00       1.200    
   86.00       1.147    
   87.00       1.091    
   88.00       1.034    
   89.00      0.9775    
   90.00      0.9210    
   91.00      0.8656    
   92.00      0.8120    
   93.00      0.7608    
   94.00      0.7125    
   95.00      0.6676    
   96.00      0.6266    
   97.00      0.5897    
   98.00      0.5572    
   99.00      0.5291    
   100.0      0.5056    
   101.0      0.4866    
   102.0      0.4719    
   103.0      0.4615    
   104.0      0.4551    
   105.0      0.4522    
   106.0      0.4526    
   107.0      0.4558    
   108.0      0.4615    
   109.0      0.4690    
   110.0      0.4780    
   111.0      0.4879    
   112.0      0.4983    
   113.0      0.5086    
   114.0      0.5185    
   115.0      0.5276    
   116.0      0.5354    
   117.0      0.5418    
   118.0      0.5463    
   119.0      0.5489    
   120.0      0.5494    
   121.0      0.5477    
   122.0      0.5438    
   123.0      0.5377    
   124.0      0.5296    
   125.0      0.5195    
   126.0      0.5075    
   127.0      0.4940    
   128.0      0.4789    
   129.0      0.4627    
   130.0      0.4455    
   131.0      0.4275    
   132.0      0.4090    
   133.0      0.3902    
   134.0      0.3714    
   135.0      0.3528    
   136.0      0.3346    
   137.0      0.3170    
   138.0      0.3002    
   139.0      0.2842    
   140.0      0.2694    
   141.0      0.2557    
   142.0      0.2432    
   143.0      0.2321    
   144.0      0.2224    
   145.0      0.2140    
   146.0      0.2070    
   147.0      0.2014    
   148.0      0.1972    
   149.0      0.1942    
   150.0      0.1925    
   151.0      0.1919    
   152.0      0.1924    
   153.0      0.1939    
   154.0      0.1963    
   155.0      0.1994    
   156.0      0.2032    
   157.0      0.2075    
   158.0      0.2124    
   159.0      0.2175    
   160.0      0.2229    
   161.0      0.2286    
   162.0      0.2343    
   163.0      0.2400    
   164.0      0.2457    
   165.0      0.2513    
   166.0      0.2568    
   167.0      0.2620    
   168.0      0.2670    
   169.0      0.2718    
   170.0      0.2762    
   171.0      0.2802    
   172.0      0.2839    
   173.0      0.2871    
   174.0      0.2899    
   175.0      0.2923    
   176.0      0.2943    
   177.0      0.2958    
   178.0      0.2969    
   179.0      0.2975    
   180.0      0.2977    