   1.000       4.813    
   2.000       4.819    
   3.000       4.831    
   4.000       4.853    
   5.000       4.888    
   6.000       4.940    
   7.000       5.014    
   8.000       5.111    
   9.000       5.234    
   10.00       5.382    
   11.00       5.555    
   12.00       5.747    
   13.00       5.954    
   14.00       6.170    
   15.00       6.386    
   16.00       6.594    
   17.00       6.786    
   18.00       6.953    
   19.00       7.090    
   20.00       7.190    
   21.00       7.249    
   22.00       7.264    
   23.00       7.234    
   24.00       7.161    
   25.00       7.047    
   26.00       6.894    
   27.00       6.707    
   28.00       6.492    
   29.00       6.254    
   30.00       6.000    
   31.00       5.735    
   32.00       5.465    
   33.00       5.197    
   34.00       4.936    
   35.00       4.686    
   36.00       4.450    
   37.00       4.234    
   38.00       4.038    
   39.00       3.865    
   40.00       3.715    
   41.00       3.587    
   42.00       3.480    
   43.00       3.391    
   44.00       3.320    
   45.00       3.261    
   46.00       3.211    
   47.00       3.168    
   48.00       3.127    
   49.00       3.085    
   50.00       3.040    
   51.00       2.989    
   52.00       2.932    
   53.00       2.867    
   54.00       2.795    
   55.00       2.716    
   56.00       2.631    
   57.00       2.543    
   58.00       2.452    
   59.00       2.361    
   60.00       2.273    
   61.00       2.188    
   62.00       2.109    
   63.00       2.037    
   64.00       1.972    
   65.00       1.916    
   66.00       1.867    
   67.00       1.827    
   68.00       1.794    
   69.00       1.768    
   70.00       1.747    
   71.00       1.729    
   72.00       1.715    
   73.00       1.702    
   74.00       1.688    
   75.00       1.674    
   76.00       1.657    
   77.00       1.637    
   78.00       1.614    
   79.00       1.586    
   80.00       1.553    
   81.00       1.516    
   82.00       1.474    
   83.00       1.428    
   84.00       1.378    
   85.00       1.325    
   86.00       1.270    
   87.00       1.212    
   88.00       1.153    
   89.00       1.093    
   90.00       1.033    
   91.00      0.9744    
   92.00      0.9169    
   93.00      0.8615    
   94.00      0.8087    
   95.00      0.7591    
   96.00      0.7131    
   97.00      0.6711    
   98.00      0.6334    
   99.00      0.6002    
   100.0      0.5716    
   101.0      0.5476    
   102.0      0.5283    
   103.0      0.5134    
   104.0      0.5028    
   105.0      0.4963    
   106.0      0.4934    
   107.0      0.4938    
   108.0      0.4971    
   109.0      0.5028    
   110.0      0.5105    
   111.0      0.5195    
   112.0      0.5295    
   113.0      0.5399    
   114.0      0.5503    
   115.0      0.5602    
   116.0      0.5693    
   117.0      0.5770    
   118.0      0.5832    
   119.0      0.5877    
   120.0      0.5901    
   121.0      0.5904    
   122.0      0.5886    
   123.0      0.5846    
   124.0      0.5784    
   125.0      0.5701    
   126.0      0.5599    
   127.0      0.5479    
   128.0      0.5343    
   129.0      0.5192    
   130.0      0.5029    
   131.0      0.4856    
   132.0      0.4676    
   133.0      0.4491    
   134.0      0.4303    
   135.0      0.4114    
   136.0      0.3927    
   137.0      0.3744    
   138.0      0.3567    
   139.0      0.3397    
   140.0      0.3235    
   141.0      0.3084    
   142.0      0.2945    
   143.0      0.2817    
   144.0      0.2702    
   145.0      0.2600    
   146.0      0.2511    
   147.0      0.2435    
   148.0      0.2373    
   149.0      0.2324    
   150.0      0.2287    
   151.0      0.2262    
   152.0      0.2248    
   153.0      0.2245    
   154.0      0.2251    
   155.0      0.2265    
   156.0      0.2287    
   157.0      0.2315    
   158.0      0.2349    
   159.0      0.2387    
   160.0      0.2428    
   161.0      0.2472    
   162.0      0.2518    
   163.0      0.2565    
   164.0      0.2613    
   165.0      0.2660    
   166.0      0.2707    
   167.0      0.2753    
   168.0      0.2797    
   169.0      0.2839    
   170.0      0.2878    
   171.0      0.2915    
   172.0      0.2948    
   173.0      0.2977    
   174.0      0.3003    
   175.0      0.3025    
   176.0      0.3043    
   177.0      0.3057    
   178.0      0.3067    
   179.0      0.3073    
   180.0      0.3074    