   1.000       9.502    
   2.000       9.279    
   3.000       8.917    
   4.000       8.434    
   5.000       7.848    
   6.000       7.186    
   7.000       6.473    
   8.000       5.738    
   9.000       5.006    
   10.00       4.304    
   11.00       3.653    
   12.00       3.071    
   13.00       2.571    
   14.00       2.163    
   15.00       1.850    
   16.00       1.633    
   17.00       1.506    
   18.00       1.462    
   19.00       1.492    
   20.00       1.582    
   21.00       1.721    
   22.00       1.894    
   23.00       2.087    
   24.00       2.289    
   25.00       2.486    
   26.00       2.669    
   27.00       2.828    
   28.00       2.956    
   29.00       3.047    
   30.00       3.098    
   31.00       3.107    
   32.00       3.075    
   33.00       3.002    
   34.00       2.893    
   35.00       2.752    
   36.00       2.585    
   37.00       2.399    
   38.00       2.200    
   39.00       1.997    
   40.00       1.796    
   41.00       1.602    
   42.00       1.423    
   43.00       1.262    
   44.00       1.122    
   45.00       1.006    
   46.00      0.9145    
   47.00      0.8470    
   48.00      0.8023    
   49.00      0.7783    
   50.00      0.7725    
   51.00      0.7815    
   52.00      0.8023    
   53.00      0.8316    
   54.00      0.8663    
   55.00      0.9035    
   56.00      0.9410    
   57.00      0.9766    
   58.00       1.009    
   59.00       1.036    
   60.00       1.058    
   61.00       1.074    
   62.00       1.083    
   63.00       1.085    
   64.00       1.082    
   65.00       1.071    
   66.00       1.055    
   67.00       1.033    
   68.00       1.006    
   69.00      0.9736    
   70.00      0.9369    
   71.00      0.8962    
   72.00      0.8521    
   73.00      0.8053    
   74.00      0.7563    
   75.00      0.7059    
   76.00      0.6548    
   77.00      0.6037    
   78.00      0.5535    
   79.00      0.5047    
   80.00      0.4582    
   81.00      0.4144    
   82.00      0.3740    
   83.00      0.3373    
   84.00      0.3046    
   85.00      0.2762    
   86.00      0.2522    
   87.00      0.2323    
   88.00      0.2167    
   89.00      0.2049    
   90.00      0.1968    
   91.00      0.1920    
   92.00      0.1900    
   93.00      0.1906    
   94.00      0.1932    
   95.00      0.1976    
   96.00      0.2033    
   97.00      0.2101    
   98.00      0.2175    
   99.00      0.2254    
   100.0      0.2334    
   101.0      0.2414    
   102.0      0.2491    
   103.0      0.2564    
   104.0      0.2631    
   105.0      0.2691    
   106.0      0.2742    
   107.0      0.2783    
   108.0      0.2814    
   109.0      0.2833    
   110.0      0.2840    
   111.0      0.2833    
   112.0      0.2814    
   113.0      0.2780    
   114.0      0.2734    
   115.0      0.2674    
   116.0      0.2601    
   117.0      0.2517    
   118.0      0.2422    
   119.0      0.2318    
   120.0      0.2206    
   121.0      0.2089    
   122.0      0.1967    
   123.0      0.1844    
   124.0      0.1720    
   125.0      0.1597    
   126.0      0.1478    
   127.0      0.1363    
   128.0      0.1253    
   129.0      0.1150    
   130.0      0.1054    
   131.0      0.9660E-01
   132.0      0.8860E-01
   133.0      0.8144E-01
   134.0      0.7513E-01
   135.0      0.6965E-01
   136.0      0.6500E-01
   137.0      0.6116E-01
   138.0      0.5810E-01
   139.0      0.5579E-01
   140.0      0.5421E-01
   141.0      0.5332E-01
   142.0      0.5308E-01
   143.0      0.5346E-01
   144.0      0.5442E-01
   145.0      0.5592E-01
   146.0      0.5793E-01
   147.0      0.6040E-01
   148.0      0.6331E-01
   149.0      0.6660E-01
   150.0      0.7022E-01
   151.0      0.7414E-01
   152.0      0.7830E-01
   153.0      0.8264E-01
   154.0      0.8711E-01
   155.0      0.9166E-01
   156.0      0.9623E-01
   157.0      0.1008    
   158.0      0.1053    
   159.0      0.1097    
   160.0      0.1141    
   161.0      0.1183    
   162.0      0.1224    
   163.0      0.1263    
   164.0      0.1302    
   165.0      0.1339    
   166.0      0.1375    
   167.0      0.1410    
   168.0      0.1443    
   169.0      0.1475    
   170.0      0.1505    
   171.0      0.1532    
   172.0      0.1558    
   173.0      0.1580    
   174.0      0.1601    
   175.0      0.1618    
   176.0      0.1632    
   177.0      0.1643    
   178.0      0.1651    
   179.0      0.1656    
   180.0      0.1657    